Сера
201
202
203
204
205
206
207
208
209
210
211
212
213
214
215
216
217
218
219
220
220
220
220
220
220
220
220
220
220
220
220
220
220
220
220
220
220
220
220
220
220
220
220
220
220
220
220
220
220
220
220
220
220
220
220
220
220
220
220
220
220
220
220
220
220
220
220
220
220
220
220
220
220
220
220
220
220
220
220
220
220
220
220
220
220
220
220
220
220
220
220
220
220
220
220
220
220
220
220
220
220
220
220
220
220
220
220
220
220
220
220
220
220
220
220
220
220
220
220
220
220
220
220
220
220
220
220
220
220
220
220
220
220
220
220
220
220
220
220
220
220
219
216
213
210
207
204
201
198
195
192
189
186
183
180
177
174
171
168
165
162
162
162
162
162
162
162
162
162
162
162
162
162
162
162
162
162
162
162
162
162
162
162
162
162
162
162
162
162
162
162
162
162
162
162
162
162
162
162
162
162
162
162
162
162
162
162
162
162
162
162
162
162
162
162
162
162
162
162
162
162
162
162
162
162
162
162
162
162
162
162
162
162
162
162
162
162
162
162
162
162
162
162
162
162
162
162
162
162
162
162
162
162
162
162
162
162
162
162
162
162
162
162
162
162
162
162
162
162
162
162
162
162
162
162
162
162
162
162
162
162
162
162
162
162
162
162
162
162
162
162
162
162
162
162
162
162
162
162
162
162
162
162
162
162
162
162
162
162
162
162
162
162
162
162
162
162
162
162
162
162
162
162
162
162
162
162
162
162
162
162
162
162
162
162
162
162
162
162
162
162
162
164
165
166
167
168
169
170
171
172
173
174
175
176
177
178
179
180
181
182
182
182
182
182
182
182
182
182
182
182
182
182
182
182
182
182
182
182
182
182
182
182
182
182
182
182
182
182
182
182
182
182
182
182
182
182
182
182
182
182
182
182
182
182
182
182
182
182
182
182
182
182
182
182
182
182
182
182
182
182
182
182
182
182
182
182
182
182
182
182
182
182
182
182
182
182
182
182
182
182
182
182
182
182
182
182
182
182
182
182
182
182
182
182
182
182
182
182
182
182
182
182
182
182
182
182
182
182
182
182
182
182
182
182
182
182
182
182
182
182
182
182
182
182
182
182
182
182
182
182
182
182
182
182
182
182
182
182
182
182
182
182
182
182
182
182
182
182
182
182
182
182
182
182
182
182
182
182
182
182
182
182
182
182
182
182
182
182
182
182
182
182
182
182
182
182
182
182
182
182
182
182
182
182
182
182
182
182
182
182
182
182
182
182
182
182
182
182
182
182
182
182
182
182
182
182
182
182
182
182
180
178
176
174
172
170
168
166
164
162
160
158
156
154
152
150
148
146
144
142
140
138
136
134
132
132
132
132
132
132
132
132
132
132
132
132
132
132
132
132
132
132
132
132
132
132
132
132
132
132
132
132
132
132
132
132
132
132
132
132
132
132
132
132
132
132
132
132
132
132
132
132
132
132
132
132
132
132
132
132
132
132
132
132
132
132
132
132
132
132
132
132
132
132
132
132
132
132
132
132
132
132
132
132
132
132
132
132
132
132
132
132
132
132
132
132
132
132
132
132
132
132
132
132
132
132
132
132
132
132
132
132
132
132
132
132
132
132
132
132
132
132
132
132
132
132
132
132
132
132
132
132
132
132
132
132
132
132
132
132
132
132
132
132
132
132
132
132
132
132
132
132
132
132
132
132
132
132
132
132
132
132
132
132
132
132
132
132
132
132
132
132
132
132
135
138
141
144
147
150
153
156
159
162
165
168
171
174
177
180
180
180
180
180
180
180
180
180
180
180
180
180
180
180
180
180
180
180
180
180
180
180
180
180
180
180
180
180
180
180
180
180
180
180
180
180
180
180
180
180
180
180
180
180
180
180
180
180
180
180
180
180
180
180
180
180
180
180
180
180
180
180
180
180
180
180
180
180
180
180
180
180
180
180
180
180
180
180
180
180
180
180
180
180
180
180
180
180
180
180
180
180
180
180
180
180
180
180
180
180
180
180
180
180
180
180
180
180
180
180
180
180
180
180
180
180
180
180
180
180
179
178
177
176
175
174
173
172
171
170
169
168
167
167
167
167
167
167
167
167
167
167
167
167
167
167
167
167
167
167
167
167
167
167
167
167
167
167
167
167
167
167
167
167
167
167
167
167
167
167
167
167
167
167
167
167
167
167
167
167
167
167
167
167
167
167
167
167
167
167
167
167
167
167
167
167
167
167
167
167
167
167
167
167
167
167
167
167
167
167
167
167
167
167
167
167
167
167
167
167
167
167
167
167
167
167
167
167
167
167
167
167
167
167
167
167
168
169
170
171
172
173
174
175
176
177
178
179
180
181
182
183
183
183
183
183
183
183
183
183
183
183
183
183
183
183
183
183
183
183
183
183
183
183
183
183
183
183
183
183
183
183
183
183
183
183
183
183
183
183
183
183
183
183
183
183
183
183
183
183
183
183
183
183
183
183
183
183
183
183
183
183
183
183
183
183
183
183
183
183
183
183
183
183
183
183
183
183
183
183
183
183
183
183
183
183
183
183
183
183
183
183
183
183
183
183
183
183
183
183
183
183
183
183
183
183
183
183
183
183
183
183
183
183
183
183
183
183
183
183
183
183
183
183
183
183
183
183
183
183
183
183
183
183
183
183
183
183
183
183
183
183
183
183
183
183
183
183
183
183
183
183
183
183
183
183
183
183
183
183
183
183
183
183
183
183
183
183
183
183
183
183
183
183
183
183
183
183
183
183
183
183
183
183
186
188
190
192
194
196
198
200
202
204
206
208
210
212
214
216
218
220
222
224
226
228
228
228
228
228
228
228
228
228
228
228
228
228
228
228
228
228
228
228
228
228
228
228
228
228
228
228
228
228
228
228
228
228
228
228
228
228
228
228
228
228
228
228
228
228
228
228
228
228
228
228
228
228
228
228
228
228
228
228
228
228
228
228
228
228
228
228
228
228
228
228
228
228
228
228
228
228
228
228
228
228
228
228
228
228
228
228
228
228
228
228
228
228
228
228
228
228
228
228
228
228
228
228
228
228
228
228
228
228
228
228
228
228
228
228
228
228
228
228
228
228
228
228
228
228
228
228
228
228
228
228
228
228
228
228
228
228
228
228
228
228
228
228
228
228
228
228
228
228
228
228
228
228
228
228
228
228
228
228
228
228
228
228
228
228
228
228
228
228
228
228
228
228
228
228
228
228
228
228
228
228
228
228
228
228
228
228
228
228
228
228
228
228
228
228
228
228
228
228
228
228
228
228
228
