GOBKK:FI002.F
124
125
125
126
127
127
126
126
126
126
126
126
126
126
126
124
120
118
117
118
119
121
122
123
123
121
120
112
112
112
112
111
110
109
110
110
110
109
101
99
100
101
104
107
109
111
111
112
110
108
107
99
98
98
101
103
104
104
103
102
101
103
101
101
100
100
100
99
100
101
102
101
100
97
100
101
102
102
101
99
97
101
101
104
105
106
107
106
105
105
106
107
109
109
109
112
113
114
115
114
115
115
114
115
115
117
118
119
119
119
120
120
122
122
124
123
124
124
125
124
124
124
124
124
124
124
125
125
126
125
125
125
124
123
123
121
122
121
121
121
120
121
122
122
122
121
121
120
118
116
113
111
110
108
110
109
109
109
108
107
103
101
101
103
104
105
103
101
98
97
98
98
97
98
99
95
93
94
93
93
92
97
100
102
101
100
95
94
92
94
94
95
94
91
93
93
93
94
93
98
98
98
96
96
96
97
100
102
100
103
101
103
105
104
104
103
105
107
110
112
113
114
116
117
118
118
119
120
121
123
125
126
128
129
133
135
136
135
136
135
135
136
136
136
136
136
136
136
137
136
137
139
139
138
138
138
138
138
138
138
137
134
134
133
134
134
133
134
134
134
134
134
134
134
133
133
129
129
128
127
127
125
121
120
120
120
121
122
122
122
122
121
121
120
119
117
115
115
115
115
115
115
115
115
116
115
114
114
114
113
114
113
114
114
113
113
113
114
114
114
114
113
114
115
116
117
118
119
119
120
120
120
119
118
118
118
120
121
121
123
123
124
124
124
124
125
125
125
125
125
125
124
124
124
125
126
126
128
128
129
132
133
133
133
134
134
135
136
138
138
138
138
138
138
138
138
138
139
141
141
141
141
141
141
141
141
141
141
138
136
131
132
133
133
134
135
136
138
137
137
138
138
138
137
137
133
133
133
133
133
133
134
134
134
134
134
134
134
133
133
133
133
132
132
132
131
129
127
127
128
128
129
130
133
133
133
133
133
133
133
132
132
131
130
130
129
128
127
127
125
126
126
126
126
125
125
125
124
124
125
125
124
124
124
124
123
123
122
121
121
121
121
121
121
121
122
122
122
121
120
119
119
119
119
119
118
118
119
120
120
120
120
121
121
121
119
120
119
120